820
419
636
367
699
604
325
266
520
704
648
379
572
964
128
147
922
515
350
4
487
709
500
126
482
359
441
485
612
535
707
891
833
993
515
686
468
883
770
893
345
522
762
44
971
183
343
970
318
370
204
939
582
737
353
271
679
477
794
758
158
881
635
558
756
479
240
794
851
289
865
865
217
929
587
233
506
910
921
118
850
35
9
114
135
205
403
202
797
906
724
211
971
864
977
48
898
625
559
505
294
537
663
313
685
673
142
148
893
908
379
595
450
626
82
454
485
254
830
229
456
233
418
66
205
778
96
726
639
27
907
663
704
96
599
386
9
38
553
747
488
989
968
871
155
84
203
626
380
528
508
601
693
232
714
710
762
448
124
948
509
888
281
526
21
1
141
416
360
331
310
513
607
85
925
828
601
299
727
385
935
125
547
69
887
314
678
587
436
32
602
213
43
870
157
859
744
168
206
78
415
702
874
90
558
874
660
342
143
683
604
633
948
683
110
387
419
210
147
37
289
397
85
614
27
695
467
547
895
450
12
241
993
385
65
906
617
69
187
235
650
914
468
686
254
982
577
912
565
549
557
800
628
780
785
699
345
32
863
968
45
498
245
45
259
874
623
654
421
148
134
380
845
523
940
90
369
273
161
319
880
656
911
49
969
624
66
279
170
893
388
776
206
300
525
317
856
459
151
928
244
514
823
496
101
386
535
66
65
376
337
942
768
765
398
971
979
989
381
655
978
602
255
446
902
821
126
38
845
809
862
318
883
260
468
81
893
450
539
435
874
607
197
990
834
945
606
121
32
256
301
134
84
283
620
455
561
441
606
676
445
864
664
483
999
965
368
148
114
433
194
688
824
476
618
638
770
544
219
497
219
45
158
730
893
620
886
821
515
778
968
274
469
356
625
555
762
386
871
757
472
49
153
325
566
40
939
632
195
878
17
670
32
374
76
516
608
137
51
574
488
559
665
413
264
113
724
234
577
349
46
111
914
87
892
38
683
969
460
697
698
263
171
533
267
929
388
859
233
694
461
396
44
689
452
865
531
635
927
628
145
613
0
391
956
551
327
31
912
738
857
428
106
527
383
160
16
898
369
129
406
854
689
269
3
606
5
585
226
341
356
958
244
147
433
144
347
645
621
908
82
232
359
494
256
217
846
749
163
636
952
883
384
175
507
924
281
778
336
642
872
205
567
355
584
926
22
544
802
885
859
458
261
542
841
739
471
755
47
150
800
555
51
349
118
307
566
69
514
359
153
128
257
998
742
822
703
951
385
609
303
643
541
580
549
57
443
126
468
943
509
185
851
60
928
666
465
136
608
540
770
124
949
414
650
979
676
237
719
916
704
463
363
875
831
14
982
971
585
644
98
763
19
17
672
538
346
383
312
912
595
166
269
538
751
337
879
441
228
211
826
512
287
743
204
633
516
492
60
403
376
345
926
465
222
490
691
754
990
351
205
128
732
557
247
767
828
76
563
805
979
405
54
888
768
981
134
704
298
42
459
907
899
48
403
78
330
937
248
999
215
991
164
204
943
431
253
63
999
964
931
809
692
237
421
831
393
901
12
334
211
548
720
839
7
534
358
86
611
240
11
237
353
251
258
688
287
575
105
189
84
989
898
258
581
513
997
154
37
746
211
237
196
575
285
67
398
991
491
813
476
77
240
177
872
879
586
736
897
865
288
589
479
523
381
28
784
331
601
972
905
408
726
882
448
149
295
172
982
358
645
223
810
411
91
518
457
630
849
808
737
41
247
180
164
857
223
51
650
265
573
961
616
941
954
66
509
996
899
814
746
576
920
240
601
758
545
73
518
828
619
179
939
548
464
885
80
852
821
970
119
934
428
30
838
867
914
863
541
487
611
475
391
25
265
964
405
466
652
637
982
767
83
79
75
652
264
148
342
687
322
295
723
735
932
502
327
991
27
62
997
506
493
265
583
516
964
870
410
411
481
510
922
329
550
990
724
95
820
246
883
247
859
293
985
966
0
70
327
540
152
83
769
402
371
724
736
646
548
372
147
358
253
769
56
159
943
582
259
384
990
870
761
792
651
143
271
465
484
777
899
807
478
378
484
721
586
463
478
827
310
264
285
325
354
761
971
588
426
393
220
843
188
753
366
614
383
947
15
338
28
27
270
180
616
966
532
741
79
462
163
382
181
280
180
790
957
779
207
221
837
500
627
604
440
322
990
276
451
819
478
559
44
425
637
22
603
989
523
960
53
662
733
196
325
118
916
428
571
306
137
518
593
811
571
887
56
454
123
6
130
308
527
843
336
358
395
594
755
970
654
800
927
858
607
737
988
767
528
395
966
554
579
498
69
650
338
745
431
847
947
858
784
434
575
906
675
119
892
708
667
224
448
912
515
135
518
264
51
359
941
799
28
872
444
334
786
141
874
981
344
92
833
962
826
865
563
600
675
823
540
591
999
92
471
804
891
600
437
358
617
722
87
765
695
439
469
6
911
752
720
534
161
166
985
131
716
605
204
962
372
810
335
432
773
667
165
209
197
473
496
462
232
764
162
687
701
372
868
69
845
951
639
450
276
228
504
272
473
466
697
67
48
661
794
427
614
471
847
521
556
719
187
918
492
849
698
563
584
338
716
912
251
893
893
844
951
479
881
670
229
276
221
926
124
708
776
803
816
621
545
506
851
622
778
712
186
413
602
140
910
469
129
291
579
520
564
921
93
733
272
377
830
182
715
305
988
497
302
517
287
713
86
31
272
16
26
144
677
403
663
622
762
378
711
945
377
330
585
691
946
889
497
412
229
974
936
111
724
290
550
405
182
191
164
996
134
59
86
491
18
593
189
901
735
932
859
791
354
977
168
464
450
384
521
76
353
382
896
877
712
747
630
118
98
259
589
293
457
59
611
413
301
729
240
285
915
432
616
657
322
719
228
666
376
981
307
181
635
756
990
349
308
463
458
461
870
160
286
198
301
195
875
418
201
728
107
515
697
137
571
130
492
457
218
383
786
237
156
338
322
770
48
229
637
938
644
214
231
356
475
500
446
431
724
365
594
763
36
329
837
308
246
359
4
739
951
762
147
123
118
352
559
285
120
71
333
801
90
652
368
658
535
1
407
539
618
730
773
460
541
397
106
188
351
204
567
417
124
896
127
99
191
891
897
633
787
113
289
351
47
612
230
133
767
579
38
261
15
319
142
392
267
426
174
853
761
156
457
503
256
571
218
570
178
502
874
306
317
950
350
472
127
546
252
154
535
93
942
870
401
102
696
987
849
116
924
652
713
204
93
617
14
496
160
619
204
558
14
356
689
802
6
809
487
65
479
454
195
611
347
236
403
308
96
897
797
999
688
212
26
407
440
115
81
340
661
539
727
190
562
139
956
802
750
662
954
646
587
603
519
602
145
522
497
244
521
437
601
880
526
393
648
771
997
904
302
354
509
341
153
916
377
251
635
272
723
145
924
892
227
222
198
508
517
661
400
779
304
429
106
697
938
752
823
289
193
790
1
998
276
893
518
842
464
439
135
106
719
664
74
945
347
75
493
167
1
136
675
837
920
628
108
104
384
948
820
776
367
783
413
612
694
264
896
212
419
133
655
707
440
519
558
518
704
598
608
605
930
352
286
101
590
573
154
944
716
962
746
674
284
593
463
680
472
929
301
647
101
111
381
327
152
193
198
850
294
906
267
812
956
367
646
424
237
957
689
373
122
125
981
540
811
966
4
199
228
429
592
551
579
979
991
154
893
354
262
975
216
885
74
167
219
164
253
682
114
1
990
771
798
738
529
922
17
83
526
579
351
647
526
680
648
243
463
960
138
183
248
858
923
514
496
26
627
217
961
167
488
347
738
126
964
500
691
255
729
468
913
10
157
947
337
229
328
788
353
445
194
891
498
262
786
220
914
210
945
10
462
58
532
912
916
491
312
751
766
639
920
933
851
55
362
414
887
915
529
250
515
86
643
387
503
8
162
473
532
513
639
859
470
799
34
308
750
797
206
304
670
264
498
282
622
598
819
411
396
93
332
953
679
86
624
834
876
380
718
43
185
69
482
617
655
132
69
867
94
575
259
82
824
540
330
343
679
195
26
599
906
464
568
581
490
129
876
300
484
30
851
159
295
561
967
448
444
563
865
649
918
671
305
930
175
424
212
351
674
363
316
805
767
464
294
58
456
643
445
838
835
161
476
497
192
457
768
18
42
792
611
642
826
985
757
947
975
375
589
480
946
512
54
522
358
537
461
331
997
344
502
227
629
970
262
541
649
801
434
526
268
393
639
129
688
559
115
809
693
94
401
68
549
584
506
384
427
910
590
662
948
516
875
984
726
772
68
135
782
853
714
133
142
679
904
940
282
870
392
857
491
81
275
481
429
678
790
854
971
436
696
885
627
756
415
88
651
572
995
107
450
105
698
245
628
81
843
637
125
475
102
982
31
731
888
73
967
30
484
61
481
342
349
574
52
802
776
679
383
134
990
493
739
34
832
433
435
569
819
481
661
193
875
525
949
722
515
953
95
636
266
452
681
345
201
947
971
652
841
658
687
325
